NoTB-0 16 2610080000.0 2508600000.0 2680000000.0
NoTB-0 32 2781570000.0 2780310000.0 2782160000.0
NoTB-0 64 2438340000.0 2437520000.0 2439410000.0
NoTB-0 128 2400290000.0 2398910000.0 2400720000.0
NoTB-0 256 2315870000.0 2314770000.0 2316560000.0
NoTB-0 512 2122780000.0 2121560000.0 2123310000.0
NoTB-0 1024 731477000.0 730994000.0 731891000.0
NoTB-0 2048 600411000.0 600307000.0 600539000.0
NoTB-0 4096 580260000.0 580211000.0 580515000.0
PiTCH-128 256 1006490000.0 979846000.0 1006910000.0
PiTCH-128 512 1142550000.0 1141490000.0 1142900000.0
PiTCH-128 1024 1254780000.0 1254680000.0 1255400000.0
PiTCH-128 2048 1325700000.0 1322760000.0 1327710000.0
PiTCH-128 4096 1358080000.0 1357020000.0 1358260000.0
PiTCH-16 32 706895000.0 706427000.0 706969000.0
PiTCH-16 64 858730000.0 858204000.0 858954000.0
PiTCH-16 128 970893000.0 970747000.0 971350000.0
PiTCH-16 256 1036490000.0 1005820000.0 1036880000.0
PiTCH-16 512 1011130000.0 1010690000.0 1011180000.0
PiTCH-16 1024 1028420000.0 1026840000.0 1028580000.0
PiTCH-16 2048 1033400000.0 1032490000.0 1033710000.0
PiTCH-16 4096 1037350000.0 1033790000.0 1037350000.0
PiTCH-256 512 944792000.0 944232000.0 945009000.0
PiTCH-256 1024 1125000000.0 1124810000.0 1125050000.0
PiTCH-256 2048 1249680000.0 1247900000.0 1250550000.0
PiTCH-256 4096 1317140000.0 1316720000.0 1317250000.0
PiTCH-32 64 873512000.0 873115000.0 873777000.0
PiTCH-32 128 1013000000.0 1012680000.0 1013580000.0
PiTCH-32 256 1252200000.0 1251870000.0 1252440000.0
PiTCH-32 512 1308980000.0 1307070000.0 1309750000.0
PiTCH-32 1024 1341330000.0 1339590000.0 1342410000.0
PiTCH-32 2048 1348240000.0 1346870000.0 1348330000.0
PiTCH-32 4096 1354430000.0 1354050000.0 1354870000.0
PiTCH-64 128 1003470000.0 1003150000.0 1003610000.0
PiTCH-64 256 1152050000.0 1135090000.0 1154220000.0
PiTCH-64 512 1386710000.0 1385910000.0 1387030000.0
PiTCH-64 1024 1465610000.0 1465180000.0 1465930000.0
PiTCH-64 2048 1495480000.0 1494110000.0 1495810000.0
PiTCH-64 4096 1515090000.0 1514460000.0 1515440000.0
PiTCH-8 16 447153000.0 444814000.0 447864000.0
PiTCH-8 32 571874000.0 571285000.0 572176000.0
PiTCH-8 64 705812000.0 705525000.0 706037000.0
PiTCH-8 128 756081000.0 755778000.0 756331000.0
PiTCH-8 256 791870000.0 791507000.0 792184000.0
PiTCH-8 512 843038000.0 842558000.0 843195000.0
PiTCH-8 1024 852428000.0 851450000.0 852879000.0
PiTCH-8 2048 855836000.0 855011000.0 855875000.0
PiTCH-8 4096 855839000.0 855537000.0 856019000.0
PiTCHOpt-128 256 2106170000.0 2104550000.0 2106810000.0
PiTCHOpt-128 512 2748840000.0 2747000000.0 2749100000.0
PiTCHOpt-128 1024 3155610000.0 3154380000.0 3155660000.0
PiTCHOpt-128 2048 3294080000.0 3291390000.0 3294340000.0
PiTCHOpt-128 4096 3438550000.0 3437990000.0 3438780000.0
PiTCHOpt-16 32 1642470000.0 1638140000.0 1643690000.0
PiTCHOpt-16 64 2217100000.0 2213320000.0 2218340000.0
PiTCHOpt-16 128 2709940000.0 2701420000.0 2710550000.0
PiTCHOpt-16 256 2829880000.0 2825640000.0 2831910000.0
PiTCHOpt-16 512 2610770000.0 2609710000.0 2611930000.0
PiTCHOpt-16 1024 2672590000.0 2671480000.0 2672850000.0
PiTCHOpt-16 2048 2702190000.0 2700290000.0 2702550000.0
PiTCHOpt-16 4096 2726400000.0 2725270000.0 2726430000.0
PiTCHOpt-256 512 1969700000.0 1964480000.0 1981550000.0
PiTCHOpt-256 1024 2616080000.0 2612600000.0 2617490000.0
PiTCHOpt-256 2048 3146640000.0 3139500000.0 3147590000.0
PiTCHOpt-256 4096 3438040000.0 3437400000.0 3438230000.0
PiTCHOpt-32 64 1658770000.0 1656710000.0 1659050000.0
PiTCHOpt-32 128 2246320000.0 2241950000.0 2248350000.0
PiTCHOpt-32 256 2701620000.0 2699980000.0 2702720000.0
PiTCHOpt-32 512 3065470000.0 3029720000.0 3066550000.0
PiTCHOpt-32 1024 3260480000.0 3257220000.0 3262920000.0
PiTCHOpt-32 2048 3358600000.0 3355800000.0 3359480000.0
PiTCHOpt-32 4096 3422360000.0 3421160000.0 3422730000.0
PiTCHOpt-64 128 1932300000.0 1931070000.0 1932440000.0
PiTCHOpt-64 256 2612460000.0 2611950000.0 2612820000.0
PiTCHOpt-64 512 3170590000.0 3168840000.0 3170880000.0
PiTCHOpt-64 1024 3496240000.0 3494850000.0 3496780000.0
PiTCHOpt-64 2048 3694400000.0 3693870000.0 3696920000.0
PiTCHOpt-64 4096 3809210000.0 3808270000.0 3809600000.0
PiTCHOpt-8 16 1394210000.0 1392760000.0 1394740000.0
PiTCHOpt-8 32 1792530000.0 1791990000.0 1792780000.0
PiTCHOpt-8 64 2143270000.0 2140590000.0 2145610000.0
PiTCHOpt-8 128 2395760000.0 2394600000.0 2403010000.0
PiTCHOpt-8 256 2574030000.0 2462220000.0 2575650000.0
PiTCHOpt-8 512 2331070000.0 2324420000.0 2331730000.0
PiTCHOpt-8 1024 2125130000.0 2124160000.0 2125440000.0
PiTCHOpt-8 2048 1926980000.0 1926620000.0 1927160000.0
PiTCHOpt-8 4096 1939830000.0 1938920000.0 1940220000.0
