1365792
8888888888888999999999999999999999999999999999999999999999999999999988876654444455666777788888888888
8888888888888899999999999999999999999999999999999999999999999999999988876554444455666777788888888888
8888888888888889999999999999888888899999999999999999999999999999999988776544334445666777788888888888
8888888888888889999999999888888888888899999999999999999999999999999988776544333445566777788888888888
8888888888888888999999888888888888888889999999999999999999999999999988776543333345566777788888888888
8888888888888888889888888888888888888888999999999999999999999999999988776543333345566777788888888888
8888888888888888888888888888887778888888899999999999999999999999999988876543333345566777788888888888
8888888888888888888888888887777777778888889999999999999999999999999988876544333345566777788888888888
8888888888888888888888888777777777777888888999999999999999999999999998877654333345566777888888888888
8888888888888888888888887777777777777788888999999999999999999999999998877654433445667777888888888888
8888888888888888888888877777777777777788888999999999999999999999999998887765444455667777888888888888
8888888888888888888888877777777777777778888899999999999999999999999999887766555556677778888888888888
8888888888888888888888877777776677777778888899999999999999999999999999888776666666677788888888888888
8888888888888888888888777777766667777778888899999999999999999999999999988877766667777788888888888888
8888888888888888888888777777766677777778888899999999999999999999999999998887777777777888888888888888
8888888888888888888888877777777777777778888899999999999999999999999999998888877777788888888888888888
8888888888888888888888877777777777777778888999999999999999999999999999999888888888888888888888888888
8888888888888888888888887777777777777788888999999999999999999999999999999988888888888888888888888888
8888888888888899888888887777777777777888888999999999999999999999999999999998888888888888888888888888
8888888888888999988888888877777777778888889999999999999999999999999999999999888888888888888888888888
8888888888889999998888888887777777888888889999999999999999999999999999999999988888888888888888888888
8888888888899999999988888888888888888888899999999999999999999999999999999999998888888888888888888888
8888888888899999999998888888888888888888999999999999999999999999999999999999998888888888888888888888
8888888888999999999999988888888888888899999999999999999999999999999999999999998888888888888888888888
8888888888999999999999999888888888889999999999999999999999999999999999999999998888888888888888888888
8888888889999999999999999999988889999999999999999999999999999999999999999999988888888888888888888888
8888888889999999999999999999999999999999999999999999999999999999999999999999888888888888888888888888
8888888889999999999999999999999999999999999999999999999999999999999999999999888888888888888888888888
8888888889999999999999999999999999999999999999999999999999999999999999999998888888888888888888888888
8888888889999999999999999999999999999999999999999999999999999999999999999988888888888888888888888888
8888888889999999999999999999999999999999999999999999999999999999999999999888888888888888888888888888
8888888889999999999999999999999999999999999999999999999999999999999999998888888777778888888888888888
8888888889999999999999999999999999999999999999999999999999999999999999998888777777777888888888888888
8888888889999999999999999999999999999999999999999999999999999999999999988887777777777788888888888888
8888888888999999999999999999999999999999999999999999999999999999999999888877777777777778888888888888
8888888888999999999999999999999999999999999999999999999999999999999999888777666666777777888888888888
8888888888899999999999999999999999999999999999999999999999999999999998887776666666677777888888888888
8888888888899999999999999999999999999999999999999999999999999999999998887766555566667777888888888888
8888888888889999999999999999999999999999999999999999999999999999999998877665555556667777788888888888
8888888888888999999999999999999999999999999999999999999999999999999988877655444555667777788888888888

